26 8
0 0 8 2.0  1.0
 315379.0      0.000227
  45690.0      0.0019
   9677.3      0.0111
   2520.88     0.0501
    759.746    0.1705
    262.964    0.36924
    102.801    0.4033
     42.9733   0.1434
0 1 6 8.0 1.0
    798.262   -0.0052   0.00850
    191.162   -0.068    0.0608
     63.6885  -0.1314   0.2114
     25.3625   0.2517   0.3944
     10.7338   0.6433   0.398
      3.764    0.2825   0.2251
0 1 4 8.0 1.0
     48.1434   0.0122  -0.0215
     17.4579  -0.2278  -0.085
      6.9972  -0.8801   0.201
      3.0791   0.9755   1.3024
0 1 1 0.0 1.0
      1.3137   1.0      1.0
0 1 1 0.0 1.0
      0.5625   1.0      1.0
0 1 1 0.0 1.0
      0.225   1.0      1.0
0 3 4 8.0 1.0
     30.4821   0.0583
      8.692    0.2591
      3.1008   0.5162
      1.1709   0.5656
0 3 1 0.0 1.0
      0.353683   1.0